1.1;0;0.05;0.1;0.15;0.2;0.25;0.3;0.35;0.4;0.45;0.5;0.55;0.6;0.65;0.7;0.75;0.8;0.85;0.9;0.95;
0;1.7858;1.784;1.7786;1.7696;1.7572;1.7414;1.7234;1.7036;1.6831;1.6626;1.6428;1.6244;1.6067;1.5888;1.5696;1.549;1.527;1.5032;1.4781;1.4518;
500;1.7999;1.7981;1.7927;1.7838;1.7713;1.7558;1.7384;1.7191;1.6991;1.679;1.6593;1.6413;1.6239;1.6062;1.5872;1.5668;1.545;1.5219;1.4968;1.4707;
1000;1.814;1.8122;1.8067;1.7978;1.7857;1.7705;1.7535;1.7347;1.7151;1.6954;1.6762;1.6585;1.6413;1.6236;1.6048;1.5846;1.563;1.5401;1.5158;1.4896;
1500;1.828;1.8262;1.8209;1.8124;1.8003;1.7856;1.769;1.7506;1.7312;1.7119;1.6933;1.6761;1.6589;1.6413;1.6225;1.6024;1.5811;1.5584;1.5344;1.5088;
2000;1.8419;1.8402;1.8351;1.8269;1.8152;1.801;1.7845;1.7666;1.7474;1.7285;1.7104;1.6937;1.6768;1.6591;1.6403;1.6203;1.5992;1.5767;1.553;1.5279;
2500;1.856;1.8543;1.8493;1.8412;1.8302;1.8163;1.8002;1.7826;1.7639;1.7453;1.7278;1.7114;1.6948;1.6772;1.6583;1.6384;1.6173;1.5951;1.5716;1.5468;
3000;1.8701;1.8684;1.8636;1.8559;1.8451;1.8317;1.8161;1.7985;1.7804;1.7622;1.7453;1.7291;1.7127;1.6954;1.6767;1.6566;1.6356;1.6135;1.5902;1.5657;
3500;1.8842;1.8826;1.8779;1.8703;1.86;1.8469;1.8317;1.8149;1.7971;1.7794;1.7629;1.7469;1.7307;1.7135;1.695;1.6752;1.654;1.632;1.6088;1.5845;
4000;1.8996;1.898;1.8933;1.8857;1.8755;1.8624;1.8472;1.831;1.8139;1.7966;1.7807;1.7648;1.7487;1.7316;1.7133;1.6938;1.6729;1.6506;1.6276;1.6035;
4500;1.9151;1.9136;1.9091;1.9015;1.8914;1.8788;1.8642;1.848;1.8311;1.8139;1.7983;1.7829;1.767;1.7499;1.7316;1.7122;1.6916;1.6697;1.6465;1.6225;
5000;1.9305;1.929;1.9245;1.9173;1.9074;1.8952;1.881;1.8655;1.8492;1.8328;1.8169;1.801;1.7854;1.7684;1.7501;1.7308;1.7103;1.6887;1.6657;1.6417;
5500;1.9457;1.9442;1.9399;1.9328;1.9233;1.9115;1.8978;1.8829;1.8671;1.8513;1.8362;1.8208;1.8046;1.787;1.7689;1.7495;1.7291;1.7076;1.6849;1.661;
6000;1.9606;1.9592;1.955;1.9482;1.9389;1.9278;1.9146;1.9;1.8849;1.8697;1.8551;1.8404;1.8245;1.8073;1.7884;1.7685;1.7481;1.7266;1.7041;1.6805;
6500;1.9751;1.9738;1.9698;1.9632;1.9543;1.9434;1.9308;1.9169;1.9024;1.888;1.8742;1.8597;1.8444;1.8275;1.809;1.789;1.7677;1.7459;1.7235;1.7;
7000;1.9936;1.9922;1.9877;1.9803;1.9704;1.9587;1.9466;1.9336;1.9196;1.9061;1.8928;1.8788;1.8639;1.8475;1.8295;1.8098;1.7887;1.7663;1.743;1.7196;
7500;2.0132;2.0118;2.0073;2;1.9902;1.9783;1.9648;1.9498;1.9365;1.9237;1.9109;1.8976;1.8832;1.8672;1.8497;1.8306;1.8098;1.7876;1.7643;1.7398;
8000;2.0334;2.0319;2.0275;2.0203;2.0106;1.9987;1.9853;1.9707;1.9553;1.9407;1.9287;1.916;1.9021;1.8867;1.8697;1.8512;1.831;1.8091;1.7859;1.7615;
8500;2.0541;2.0526;2.0482;2.0411;2.0314;2.0196;2.006;1.9918;1.9766;1.9619;1.9471;1.9338;1.9205;1.9058;1.8894;1.8715;1.8519;1.8307;1.8078;1.7835;
9000;2.0753;2.0739;2.0695;2.0623;2.0527;2.041;2.0276;2.0133;1.9986;1.9839;1.969;1.9539;1.9385;1.9243;1.9087;1.8914;1.8724;1.8518;1.8297;1.8058;
9500;2.0971;2.0957;2.0913;2.0842;2.0746;2.0629;2.0496;2.0354;2.0209;2.0065;1.9915;1.9763;1.9599;1.9424;1.9274;1.9109;1.8927;1.8727;1.8512;1.8279;
10000;2.1195;2.118;2.1137;2.1066;2.097;2.0854;2.0722;2.0579;2.0437;2.0295;2.0147;1.9993;1.9827;1.965;1.9462;1.9298;1.9124;1.8933;1.8724;1.8499;
10500;2.1426;2.1411;2.1367;2.1296;2.1201;2.1085;2.0954;2.0813;2.067;2.053;2.0382;2.0227;2.006;1.9882;1.9692;1.9493;1.9316;1.9133;1.8933;1.8715;
11000;2.1668;2.1653;2.1609;2.1538;2.1442;2.1326;2.1194;2.1054;2.0912;2.0769;2.0622;2.0467;2.0298;2.0119;1.9928;1.9727;1.9516;1.9328;1.9137;1.8928;
11500;2.1694;2.168;2.1636;2.1565;2.1469;2.1352;2.122;2.108;2.0938;2.0794;2.0648;2.0491;2.0323;2.0143;1.9953;1.9751;1.9541;1.9353;1.916;1.8951;
12000;2.1722;2.1707;2.1664;2.1592;2.1496;2.1379;2.1247;2.1106;2.0964;2.0821;2.0673;2.0517;2.0348;2.0168;1.9978;1.9776;1.9566;1.9376;1.9184;1.8974;
12500;2.1748;2.1735;2.1691;2.162;2.1524;2.1406;2.1274;2.1133;2.0992;2.0847;2.07;2.0544;2.0375;2.0194;2.0003;1.9801;1.9589;1.9399;1.9207;1.8997;
13000;2.1778;2.1763;2.1719;2.1648;2.1551;2.1434;2.1301;2.116;2.1019;2.0874;2.0727;2.0571;2.0402;2.0221;2.0028;1.9825;1.9613;1.9422;1.923;1.9021;
13500;2.1804;2.1789;2.1745;2.1674;2.1578;2.1462;2.1329;2.1189;2.1046;2.0902;2.0754;2.0597;2.0427;2.0246;2.0053;1.9851;1.9638;1.9447;1.9255;1.9045;
14000;2.1831;2.1816;2.1772;2.1701;2.1605;2.1488;2.1356;2.1214;2.1073;2.0928;2.078;2.0623;2.0453;2.0271;2.0079;1.9876;1.9664;1.9473;1.928;1.907;
1.05;0;0.05;0.1;0.15;0.2;0.25;0.3;0.35;0.4;0.45;0.5;0.55;0.6;0.65;0.7;0.75;0.8;0.85;0.9;0.95;
0;1.6566;1.6545;1.6488;1.6392;1.6262;1.6101;1.5911;1.5698;1.5465;1.5218;1.4967;1.4721;1.4487;1.4265;1.4049;1.3826;1.36;1.3367;1.3123;1.2864;
500;1.6706;1.6686;1.6629;1.6534;1.6403;1.624;1.6051;1.584;1.561;1.5367;1.5122;1.4882;1.4658;1.4445;1.423;1.401;1.3784;1.3549;1.3305;1.3051;
1000;1.6851;1.6831;1.6773;1.6675;1.6545;1.6383;1.6194;1.5985;1.5758;1.552;1.5281;1.5049;1.4835;1.4628;1.4417;1.4198;1.3971;1.3734;1.3489;1.3235;
1500;1.6996;1.6976;1.6917;1.682;1.669;1.653;1.6342;1.6132;1.591;1.5676;1.5445;1.5223;1.5017;1.4813;1.4605;1.4389;1.4161;1.3923;1.3676;1.3421;
2000;1.7141;1.7122;1.7063;1.6967;1.6837;1.6678;1.6492;1.6285;1.6065;1.5837;1.5612;1.5402;1.5202;1.5001;1.4796;1.4582;1.4354;1.4115;1.3867;1.361;
2500;1.7288;1.7269;1.7211;1.7116;1.6986;1.6828;1.6643;1.6438;1.622;1.5996;1.5779;1.5579;1.5388;1.5193;1.499;1.4776;1.4549;1.4311;1.4061;1.3803;
3000;1.7435;1.7415;1.736;1.7266;1.7137;1.698;1.6797;1.6593;1.6375;1.6157;1.5949;1.5756;1.5571;1.5384;1.5186;1.4972;1.4746;1.4508;1.4258;1.3999;
3500;1.7581;1.7562;1.7507;1.7414;1.7289;1.7134;1.6954;1.6749;1.6536;1.6323;1.6122;1.5934;1.5753;1.5573;1.5381;1.517;1.4944;1.4707;1.4458;1.4198;
4000;1.7737;1.7718;1.7663;1.7571;1.7446;1.7292;1.711;1.6909;1.6701;1.6495;1.6297;1.6114;1.5937;1.576;1.5571;1.5368;1.5145;1.4908;1.466;1.4401;
4500;1.7898;1.7879;1.7823;1.7735;1.7612;1.746;1.7281;1.708;1.6873;1.667;1.6476;1.6296;1.6123;1.5948;1.576;1.5559;1.5345;1.5112;1.4863;1.4605;
5000;1.806;1.8042;1.7989;1.7901;1.7781;1.7632;1.7454;1.726;1.7059;1.6858;1.6663;1.6482;1.6311;1.6137;1.595;1.5751;1.5539;1.5315;1.5069;1.4811;
5500;1.8227;1.8209;1.8157;1.8073;1.7956;1.7808;1.7634;1.7446;1.7248;1.705;1.6861;1.6685;1.6509;1.6328;1.6142;1.5944;1.5734;1.5511;1.5275;1.5018;
6000;1.8396;1.8379;1.8328;1.8246;1.8133;1.7988;1.7819;1.7636;1.7441;1.7246;1.7062;1.6891;1.6718;1.6536;1.6341;1.6138;1.5929;1.5708;1.5475;1.5227;
6500;1.8568;1.8551;1.8502;1.8422;1.8312;1.8171;1.8008;1.7826;1.7638;1.7446;1.7268;1.7099;1.6927;1.6747;1.6553;1.6346;1.6129;1.5906;1.5676;1.5433;
7000;1.8741;1.8725;1.8678;1.8598;1.849;1.8355;1.8197;1.8023;1.7834;1.7649;1.7478;1.731;1.714;1.696;1.6767;1.6561;1.6342;1.6114;1.5876;1.5636;
7500;1.8913;1.8897;1.885;1.8772;1.8669;1.8537;1.8385;1.8216;1.8038;1.7857;1.7689;1.7524;1.7355;1.7175;1.6983;1.6778;1.656;1.6331;1.6093;1.5845;
8000;1.9084;1.9068;1.9023;1.8946;1.8844;1.8719;1.8571;1.8409;1.8238;1.8067;1.7903;1.7741;1.7573;1.7394;1.7202;1.6998;1.6782;1.6553;1.6313;1.6064;
8500;1.9251;1.9236;1.9192;1.912;1.902;1.8898;1.8756;1.8601;1.8437;1.8274;1.8118;1.7957;1.7791;1.7615;1.7423;1.7219;1.7004;1.6777;1.6538;1.6287;
9000;1.9416;1.9401;1.9358;1.9288;1.9193;1.9076;1.894;1.879;1.8635;1.8479;1.8329;1.8175;1.8013;1.7836;1.7647;1.7444;1.7229;1.7003;1.6766;1.6516;
9500;1.9577;1.9563;1.9522;1.9454;1.9362;1.9251;1.9121;1.8978;1.8829;1.868;1.8537;1.839;1.8234;1.8061;1.7873;1.7671;1.7457;1.7232;1.6995;1.6748;
10000;1.9742;1.9727;1.9682;1.9616;1.9528;1.942;1.9299;1.9162;1.902;1.8879;1.8744;1.8602;1.845;1.8283;1.8099;1.79;1.7688;1.7463;1.7227;1.6981;
10500;1.9951;1.9937;1.9893;1.982;1.9723;1.9603;1.9472;1.9343;1.9207;1.9077;1.8946;1.881;1.8663;1.8501;1.8323;1.813;1.792;1.7697;1.7462;1.7216;
11000;2.017;2.0155;2.0111;2.0039;1.9942;1.9825;1.9689;1.9545;1.9392;1.9267;1.9143;1.9013;1.8872;1.8716;1.8544;1.8356;1.8153;1.7933;1.77;1.7455;
11500;2.0194;2.018;2.0136;2.0064;1.9967;1.9849;1.9715;1.9567;1.9416;1.9291;1.9166;1.9037;1.8895;1.8739;1.8567;1.838;1.8176;1.7956;1.7722;1.7477;
12000;2.0221;2.0206;2.0162;2.009;1.9993;1.9875;1.9741;1.9592;1.9441;1.9316;1.9191;1.9061;1.8919;1.8763;1.8591;1.8403;1.8199;1.7979;1.7746;1.75;
12500;2.0248;2.0233;2.0188;2.0116;2.0019;1.9901;1.9764;1.962;1.9466;1.9341;1.9217;1.9086;1.8945;1.8788;1.8615;1.8428;1.8223;1.8003;1.7769;1.7523;
13000;2.0274;2.0259;2.0215;2.0143;2.0046;1.9927;1.979;1.9646;1.9492;1.9367;1.9243;1.9112;1.8971;1.8814;1.8641;1.8453;1.8247;1.8026;1.7792;1.7546;
13500;2.0301;2.0286;2.0242;2.017;2.0072;1.9954;1.9819;1.9672;1.9518;1.9394;1.9269;1.9139;1.8997;1.884;1.8668;1.8478;1.8273;1.8052;1.7816;1.757;
14000;2.0328;2.0313;2.0269;2.0197;2.0101;1.998;1.9846;1.9699;1.9545;1.942;1.9296;1.9166;1.9024;1.8867;1.8695;1.8504;1.8298;1.8077;1.7841;1.7592;
1;0;0.05;0.1;0.15;0.2;0.25;0.3;0.35;0.4;0.45;0.5;0.55;0.6;0.65;0.7;0.75;0.8;0.85;0.9;0.95;
0;1.5343;1.5325;1.5267;1.5172;1.5041;1.4877;1.4683;1.446;1.4215;1.395;1.367;1.3381;1.3088;1.2793;1.2498;1.2204;1.1913;1.1626;1.1348;1.1069;
500;1.5452;1.5448;1.5391;1.5296;1.5166;1.5003;1.4807;1.4584;1.4339;1.4075;1.3797;1.3512;1.3225;1.2941;1.2655;1.2371;1.2088;1.1812;1.1537;1.1259;
1000;1.5595;1.5576;1.5518;1.5424;1.5294;1.513;1.4935;1.4712;1.4467;1.4204;1.3928;1.3646;1.3365;1.309;1.2816;1.2542;1.2271;1.2004;1.1732;1.1455;
1500;1.5727;1.5707;1.5648;1.5554;1.5424;1.5261;1.5067;1.4844;1.46;1.4338;1.4065;1.3785;1.3508;1.3242;1.2979;1.2719;1.2461;1.2199;1.193;1.1655;
2000;1.5859;1.5839;1.5782;1.5687;1.5557;1.5394;1.5202;1.4982;1.4737;1.4477;1.4207;1.3931;1.366;1.3399;1.3145;1.2899;1.2653;1.2397;1.2133;1.1859;
2500;1.5993;1.5973;1.5916;1.5821;1.5692;1.553;1.5338;1.512;1.4877;1.462;1.4353;1.4083;1.3818;1.3563;1.3317;1.3082;1.2846;1.2597;1.2338;1.2065;
3000;1.6131;1.6112;1.6054;1.5959;1.5829;1.5667;1.5477;1.5261;1.5022;1.4766;1.4503;1.424;1.3981;1.3733;1.3496;1.3268;1.3037;1.2797;1.2543;1.2272;
3500;1.6275;1.6255;1.6197;1.6099;1.597;1.5808;1.5619;1.5405;1.5168;1.4917;1.4657;1.4398;1.4148;1.3908;1.368;1.3457;1.3229;1.2995;1.2747;1.2481;
4000;1.643;1.6409;1.6351;1.6255;1.6123;1.5959;1.5768;1.5553;1.532;1.5071;1.4814;1.4562;1.432;1.409;1.3871;1.3649;1.3424;1.3193;1.2949;1.2689;
4500;1.659;1.6569;1.6511;1.6414;1.6281;1.6118;1.5926;1.5713;1.5477;1.5228;1.4975;1.473;1.45;1.428;1.4066;1.3846;1.3622;1.3391;1.3149;1.2895;
5000;1.6753;1.6733;1.6674;1.6577;1.6444;1.6281;1.609;1.5875;1.5642;1.5399;1.515;1.491;1.4685;1.4476;1.4265;1.4048;1.3824;1.3591;1.335;1.3098;
5500;1.6921;1.6901;1.6841;1.6745;1.6612;1.6449;1.6257;1.6041;1.5812;1.5573;1.5332;1.5102;1.4888;1.468;1.4469;1.4254;1.403;1.3796;1.3552;1.3301;
6000;1.7092;1.7072;1.7013;1.6916;1.6784;1.662;1.6428;1.6215;1.5987;1.5751;1.5519;1.53;1.5097;1.4894;1.4685;1.4469;1.4239;1.4004;1.3759;1.3506;
6500;1.7265;1.7245;1.7187;1.7091;1.696;1.6795;1.6604;1.6392;1.6168;1.5938;1.5714;1.5506;1.5308;1.511;1.4906;1.4689;1.4461;1.422;1.397;1.3715;
7000;1.7438;1.7419;1.7362;1.7266;1.7135;1.6973;1.6784;1.6575;1.6355;1.6131;1.5916;1.5718;1.5524;1.533;1.5128;1.4913;1.4685;1.4445;1.4193;1.3931;
7500;1.7612;1.7593;1.7536;1.7442;1.7313;1.7154;1.6968;1.6763;1.6548;1.6332;1.6125;1.5932;1.5743;1.5554;1.5353;1.5139;1.4912;1.4672;1.4422;1.4159;
8000;1.7786;1.7767;1.771;1.7619;1.7492;1.7336;1.7155;1.6956;1.6747;1.6539;1.6336;1.6148;1.5965;1.5779;1.558;1.5367;1.5141;1.4902;1.4651;1.4391;
8500;1.7962;1.7944;1.7888;1.7799;1.7675;1.752;1.7346;1.7152;1.695;1.6751;1.6553;1.6367;1.6188;1.6006;1.5808;1.5597;1.5373;1.5135;1.4885;1.4624;
9000;1.8139;1.8123;1.8069;1.7983;1.7862;1.7713;1.7541;1.7354;1.7158;1.6963;1.6771;1.6593;1.6416;1.6234;1.6038;1.5828;1.5606;1.537;1.5122;1.4862;
9500;1.8323;1.8306;1.8253;1.8168;1.8053;1.7908;1.7741;1.756;1.737;1.7178;1.6993;1.6821;1.6647;1.6465;1.627;1.6062;1.5841;1.5607;1.5361;1.5102;
10000;1.8508;1.8491;1.844;1.8358;1.8248;1.811;1.7951;1.7772;1.7587;1.7398;1.7219;1.705;1.6879;1.6699;1.6505;1.6298;1.6077;1.5845;1.5601;1.5344;
10500;1.8695;1.8679;1.863;1.8551;1.8446;1.8314;1.816;1.7989;1.7805;1.7624;1.745;1.7283;1.7114;1.6934;1.6742;1.6536;1.6317;1.6085;1.5843;1.5589;
11000;1.8883;1.8868;1.8821;1.8746;1.8644;1.8517;1.8368;1.8204;1.803;1.7853;1.7683;1.7519;1.7351;1.7172;1.6981;1.6777;1.656;1.6328;1.6087;1.5834;
11500;1.8905;1.8891;1.8843;1.8768;1.8666;1.8539;1.839;1.8225;1.805;1.7873;1.7707;1.7543;1.7374;1.7194;1.7002;1.6797;1.6579;1.6348;1.6106;1.5853;
12000;1.893;1.8914;1.8867;1.8791;1.8689;1.8562;1.8413;1.8247;1.8071;1.7896;1.7729;1.7564;1.7394;1.7214;1.7022;1.6817;1.6599;1.6367;1.6126;1.5873;
12500;1.8953;1.8937;1.8891;1.8815;1.8712;1.8585;1.8436;1.827;1.8093;1.7918;1.7751;1.7586;1.7416;1.7235;1.7042;1.6837;1.6619;1.6387;1.6145;1.5893;
13000;1.8977;1.8961;1.8915;1.8839;1.8736;1.8609;1.8459;1.8292;1.8117;1.7941;1.7774;1.7609;1.7439;1.7258;1.7065;1.6859;1.664;1.6408;1.6166;1.5913;
13500;1.9002;1.8986;1.8939;1.8863;1.8761;1.8633;1.8481;1.8314;1.8138;1.7965;1.7797;1.7632;1.7462;1.7281;1.7088;1.6882;1.6663;1.643;1.6187;1.5933;
14000;1.9027;1.9011;1.8964;1.8888;1.8784;1.8657;1.8505;1.8337;1.8162;1.7987;1.7821;1.7655;1.7485;1.7304;1.7111;1.6905;1.6686;1.6454;1.6211;1.5956;
0.95;0;0.05;0.1;0.15;0.2;0.25;0.3;0.35;0.4;0.45;0.5;0.55;0.6;0.65;0.7;0.75;0.8;0.85;0.9;0.95;
0;1.4271;1.4259;1.4202;1.4109;1.3979;1.3814;1.3616;1.3388;1.3131;1.2846;1.2537;1.2209;1.187;1.1528;1.1184;1.0845;1.0512;1.0183;0.98616;0.95509;
500;1.4376;1.436;1.4304;1.4211;1.4081;1.3917;1.372;1.3493;1.3238;1.2955;1.2648;1.2322;1.1985;1.1644;1.1304;1.0968;1.0636;1.0307;0.99875;0.9678;
1000;1.4484;1.4465;1.4409;1.4316;1.4187;1.4024;1.3828;1.3601;1.3347;1.3066;1.2763;1.2439;1.2104;1.1766;1.1431;1.1097;1.0767;1.044;1.0121;0.98137;
1500;1.4592;1.4574;1.4517;1.4424;1.4295;1.4133;1.3938;1.3713;1.346;1.3181;1.2881;1.2561;1.2229;1.1893;1.1562;1.1233;1.0906;1.0581;1.0264;0.99587;
2000;1.4703;1.4685;1.4629;1.4535;1.4406;1.4244;1.405;1.3827;1.3575;1.3299;1.3002;1.2688;1.2359;1.2026;1.1698;1.1373;1.105;1.0729;1.0414;1.0111;
2500;1.4817;1.4798;1.4742;1.4648;1.4519;1.4358;1.4164;1.3942;1.3693;1.3418;1.3125;1.2815;1.249;1.2163;1.1839;1.1518;1.1199;1.0883;1.0573;1.0274;
3000;1.4935;1.4917;1.4859;1.4766;1.4637;1.4474;1.428;1.4058;1.3811;1.3538;1.3248;1.2944;1.2627;1.2305;1.1987;1.167;1.1355;1.1045;1.0742;1.0449;
3500;1.5064;1.5045;1.4988;1.4892;1.4761;1.4597;1.44;1.4176;1.393;1.3662;1.3375;1.3076;1.2766;1.2452;1.214;1.183;1.1521;1.1216;1.092;1.0636;
4000;1.5196;1.5177;1.5119;1.5022;1.4892;1.4728;1.453;1.4306;1.4059;1.3791;1.3505;1.321;1.291;1.2604;1.23;1.1997;1.1695;1.1397;1.1109;1.0832;
4500;1.5334;1.5313;1.5255;1.5159;1.5028;1.4863;1.4666;1.4441;1.4193;1.3927;1.3645;1.3353;1.3058;1.2761;1.2466;1.2171;1.1878;1.1589;1.1309;1.1033;
5000;1.5476;1.5456;1.5397;1.5301;1.5169;1.5004;1.4807;1.4582;1.4334;1.4069;1.379;1.3502;1.3213;1.2927;1.264;1.2352;1.2068;1.1791;1.1518;1.1242;
5500;1.5625;1.5603;1.5546;1.5449;1.5316;1.515;1.4954;1.4729;1.448;1.4215;1.394;1.3656;1.3372;1.3096;1.2822;1.2547;1.2272;1.2002;1.1733;1.1459;
6000;1.5776;1.5756;1.5697;1.56;1.5468;1.5301;1.5106;1.4882;1.4633;1.437;1.4095;1.3817;1.3539;1.327;1.3007;1.2747;1.249;1.2227;1.1956;1.1681;
6500;1.5932;1.5912;1.5853;1.5756;1.5623;1.5457;1.5263;1.5039;1.4792;1.453;1.4258;1.3984;1.3713;1.3452;1.3197;1.2951;1.2708;1.2454;1.219;1.1914;
7000;1.6091;1.6071;1.6012;1.5913;1.5782;1.5617;1.5422;1.5201;1.4957;1.4696;1.4428;1.4159;1.3896;1.3642;1.3397;1.3161;1.2926;1.2682;1.2424;1.2151;
7500;1.6256;1.6236;1.6177;1.6079;1.5946;1.578;1.5586;1.5367;1.5127;1.487;1.4605;1.4342;1.4088;1.3842;1.3607;1.3378;1.3145;1.2908;1.2658;1.2389;
8000;1.6427;1.6405;1.6347;1.6249;1.6115;1.595;1.5756;1.5538;1.53;1.5048;1.4789;1.4533;1.4288;1.4053;1.3828;1.3601;1.337;1.3134;1.2889;1.2627;
8500;1.6603;1.6581;1.6523;1.6424;1.629;1.6123;1.5931;1.5715;1.548;1.5232;1.4979;1.4732;1.4498;1.4274;1.4056;1.3831;1.3601;1.3364;1.3117;1.2861;
9000;1.6783;1.6762;1.6703;1.6604;1.647;1.6304;1.6112;1.5897;1.5665;1.5422;1.5177;1.4939;1.4717;1.4505;1.429;1.4068;1.3838;1.3598;1.335;1.3094;
9500;1.6967;1.6947;1.6886;1.6788;1.6654;1.649;1.6297;1.6083;1.5855;1.5619;1.5381;1.5155;1.4943;1.4738;1.4528;1.431;1.408;1.3838;1.3588;1.3329;
10000;1.7154;1.7135;1.7075;1.6977;1.6843;1.668;1.6489;1.6277;1.6053;1.5822;1.5592;1.5376;1.5176;1.4976;1.477;1.4555;1.4325;1.4084;1.3831;1.357;
10500;1.7344;1.7324;1.7266;1.7169;1.7038;1.6876;1.6687;1.6477;1.6256;1.6029;1.5808;1.5605;1.5412;1.5218;1.5016;1.4802;1.4574;1.4333;1.4081;1.3817;
11000;1.7533;1.7514;1.7456;1.7362;1.7234;1.7074;1.6889;1.6683;1.6467;1.6245;1.6033;1.584;1.5651;1.5463;1.5264;1.5051;1.4825;1.4585;1.4333;1.4071;
11500;1.7551;1.7532;1.7475;1.7381;1.7252;1.7092;1.6906;1.6701;1.6484;1.6264;1.6053;1.586;1.5672;1.5483;1.5285;1.5072;1.4844;1.4603;1.4351;1.4088;
12000;1.7571;1.7551;1.7494;1.74;1.7271;1.7111;1.6925;1.672;1.6504;1.6286;1.6075;1.5881;1.5693;1.5504;1.5306;1.5091;1.4862;1.4621;1.4368;1.4104;
12500;1.759;1.757;1.7513;1.7419;1.729;1.713;1.6945;1.674;1.6524;1.6308;1.61;1.5906;1.5717;1.5528;1.5326;1.511;1.4881;1.464;1.4386;1.4122;
13000;1.7609;1.759;1.7532;1.7438;1.731;1.715;1.6965;1.676;1.6545;1.633;1.6125;1.5932;1.5742;1.5551;1.5348;1.5131;1.4901;1.4659;1.4405;1.4139;
13500;1.7629;1.761;1.7552;1.7459;1.733;1.7171;1.6986;1.6781;1.6567;1.6353;1.6149;1.5956;1.5766;1.5575;1.5372;1.5154;1.4923;1.4679;1.4424;1.4157;
14000;1.765;1.763;1.7573;1.7479;1.7351;1.7192;1.7007;1.6804;1.659;1.6377;1.6174;1.5981;1.5791;1.5599;1.5396;1.5177;1.4945;1.47;1.4443;1.4176;
0.9;0;0.05;0.1;0.15;0.2;0.25;0.3;0.35;0.4;0.45;0.5;0.55;0.6;0.65;0.7;0.75;0.8;0.85;0.9;0.95;
0;1.337;1.3351;1.3295;1.3201;1.3071;1.2905;1.2705;1.2471;1.2205;1.1909;1.1598;1.1273;1.093;1.0577;1.0219;0.98601;0.95083;0.91604;0.88142;0.84701;
500;1.3452;1.3432;1.3376;1.3282;1.3152;1.2986;1.2786;1.2553;1.2286;1.199;1.1678;1.1352;1.1009;1.0657;1.0301;0.99472;0.95989;0.92537;0.891;0.8568;
1000;1.3536;1.3517;1.346;1.3366;1.3236;1.3071;1.2871;1.2638;1.2372;1.2075;1.1762;1.1435;1.1092;1.0739;1.0386;1.0036;0.96902;0.93479;0.90072;0.86684;
1500;1.3624;1.3605;1.3548;1.3454;1.3324;1.3159;1.2959;1.2726;1.2461;1.2166;1.1851;1.1521;1.1178;1.0825;1.0472;1.0125;0.97835;0.94439;0.9106;0.87713;
2000;1.3715;1.3696;1.3639;1.3545;1.3415;1.3249;1.305;1.2818;1.2553;1.2257;1.1942;1.1612;1.1269;1.0916;1.0563;1.0218;0.98797;0.95432;0.92084;0.8877;
2500;1.3811;1.3791;1.3734;1.3639;1.3508;1.3342;1.3142;1.2911;1.2648;1.2353;1.2038;1.1707;1.1365;1.1013;1.066;1.0316;0.99785;0.96461;0.93146;0.89869;
3000;1.3911;1.3892;1.3834;1.374;1.3609;1.3443;1.3243;1.3012;1.2749;1.2456;1.2139;1.1808;1.1467;1.1116;1.0763;1.0419;1.0082;0.97518;0.94247;0.91008;
3500;1.4014;1.3996;1.3939;1.3844;1.3713;1.3548;1.3348;1.3118;1.2856;1.2564;1.2249;1.1918;1.1575;1.1224;1.0873;1.053;1.0193;0.98617;0.95379;0.92195;
4000;1.4122;1.4103;1.4046;1.3952;1.3822;1.3656;1.3457;1.3228;1.2968;1.2678;1.2365;1.2034;1.1692;1.1344;1.0993;1.0649;1.0311;0.99797;0.96562;0.93421;
4500;1.4233;1.4214;1.4157;1.4064;1.3933;1.3769;1.3571;1.3342;1.3084;1.2797;1.2486;1.2156;1.1815;1.147;1.1122;1.078;1.0442;1.0108;0.97823;0.94697;
5000;1.4348;1.4329;1.4273;1.4178;1.4049;1.3886;1.3688;1.3461;1.3203;1.2919;1.2612;1.2284;1.1945;1.1601;1.1258;1.0918;1.0582;1.0249;0.99226;0.9608;
5500;1.4468;1.445;1.4393;1.4299;1.4169;1.4006;1.3809;1.3583;1.3328;1.3046;1.2742;1.2418;1.2081;1.174;1.1402;1.1065;1.0731;1.04;1.0075;0.97611;
6000;1.4593;1.4574;1.4518;1.4423;1.4293;1.413;1.3934;1.371;1.3456;1.3176;1.2876;1.2557;1.2224;1.1886;1.1552;1.1221;1.089;1.0561;1.0238;0.99265;
6500;1.4721;1.4703;1.4646;1.4551;1.4422;1.4258;1.4063;1.384;1.3589;1.3311;1.3015;1.2701;1.2373;1.204;1.1711;1.1383;1.1058;1.0733;1.0414;1.0105;
7000;1.4854;1.4836;1.4779;1.4685;1.4554;1.4391;1.4196;1.3973;1.3725;1.345;1.3158;1.285;1.2527;1.2201;1.1878;1.1555;1.1234;1.0916;1.0603;1.0298;
7500;1.4994;1.4975;1.4918;1.4823;1.4692;1.4529;1.4333;1.4111;1.3865;1.3594;1.3304;1.3002;1.2688;1.2369;1.2053;1.1735;1.1419;1.1106;1.0801;1.0505;
8000;1.5141;1.5121;1.5064;1.4968;1.4838;1.4675;1.4478;1.4255;1.4008;1.3741;1.3456;1.3158;1.2852;1.2542;1.2232;1.1922;1.1614;1.1308;1.1011;1.0725;
8500;1.5294;1.5274;1.5216;1.512;1.499;1.4826;1.463;1.4405;1.4158;1.3891;1.3608;1.3316;1.3019;1.272;1.2419;1.2119;1.1818;1.1523;1.1235;1.0955;
9000;1.5454;1.5433;1.5376;1.528;1.5148;1.4984;1.4787;1.4562;1.4313;1.4047;1.3767;1.3478;1.3188;1.2902;1.2613;1.2324;1.2035;1.1751;1.1474;1.1194;
9500;1.562;1.5598;1.5541;1.5444;1.5312;1.5147;1.4951;1.4725;1.4475;1.4209;1.3932;1.3647;1.3363;1.3087;1.2812;1.2537;1.2262;1.1992;1.172;1.1442;
10000;1.579;1.577;1.5711;1.5615;1.5481;1.5315;1.5119;1.4894;1.4645;1.438;1.4105;1.3825;1.3547;1.3278;1.3015;1.2756;1.2499;1.224;1.1972;1.1698;
10500;1.5965;1.5945;1.5886;1.5788;1.5654;1.5488;1.5293;1.5069;1.4822;1.4558;1.4286;1.4012;1.374;1.3479;1.3225;1.2979;1.274;1.2491;1.223;1.1957;
11000;1.6143;1.6124;1.6064;1.5966;1.5831;1.5665;1.547;1.5249;1.5005;1.4744;1.4476;1.4207;1.3945;1.3691;1.3447;1.3213;1.298;1.2741;1.2489;1.222;
11500;1.616;1.614;1.608;1.5982;1.5848;1.5681;1.5487;1.5265;1.5021;1.4759;1.449;1.4222;1.396;1.3707;1.3464;1.323;1.2997;1.2758;1.2506;1.2236;
12000;1.6176;1.6156;1.6097;1.5999;1.5865;1.5699;1.5504;1.5283;1.5037;1.4777;1.4507;1.4238;1.3975;1.3723;1.348;1.3247;1.3014;1.2775;1.2523;1.2253;
12500;1.6192;1.6173;1.6114;1.6017;1.5883;1.5717;1.5523;1.5301;1.5055;1.4795;1.4524;1.4254;1.3991;1.3739;1.3497;1.3264;1.3031;1.2792;1.254;1.227;
13000;1.6209;1.6189;1.613;1.6034;1.5901;1.5736;1.5542;1.532;1.5074;1.4812;1.4541;1.427;1.4008;1.3756;1.3514;1.3281;1.3048;1.2809;1.2556;1.2287;
13500;1.6226;1.6206;1.6148;1.6051;1.5919;1.5755;1.5561;1.5339;1.5093;1.4831;1.4558;1.4287;1.4025;1.3773;1.3531;1.3298;1.3064;1.2825;1.2573;1.2303;
14000;1.6244;1.6224;1.6165;1.6069;1.5937;1.5773;1.558;1.5358;1.5111;1.4848;1.4575;1.4304;1.4042;1.379;1.3548;1.3316;1.3081;1.2842;1.259;1.232;
0.85;0;0.05;0.1;0.15;0.2;0.25;0.3;0.35;0.4;0.45;0.5;0.55;0.6;0.65;0.7;0.75;0.8;0.85;0.9;0.95;
0;1.2627;1.2608;1.2552;1.2459;1.233;1.2165;1.1966;1.1731;1.1466;1.118;1.0869;1.0537;1.0185;0.98144;0.94346;0.90542;0.86786;0.83136;0.7955;0.76006;
500;1.2689;1.2671;1.2614;1.2521;1.2393;1.2227;1.2028;1.1793;1.1527;1.124;1.093;1.0598;1.0247;0.98783;0.94994;0.91204;0.87464;0.83826;0.8025;0.7671;
1000;1.2755;1.2737;1.268;1.2586;1.2458;1.2292;1.2092;1.1858;1.1591;1.1303;1.0994;1.0661;1.0311;0.9944;0.95674;0.91893;0.88173;0.84547;0.80977;0.77445;
1500;1.2825;1.2806;1.2749;1.2655;1.2526;1.2359;1.2159;1.1924;1.1656;1.1368;1.1059;1.0727;1.0377;1.0013;0.96377;0.92613;0.88912;0.85301;0.81738;0.7821;
2000;1.2895;1.2877;1.282;1.2727;1.2597;1.2431;1.223;1.1995;1.1727;1.1437;1.1127;1.0795;1.0447;1.0084;0.97107;0.93361;0.89683;0.86086;0.82533;0.79012;
2500;1.2968;1.2949;1.2893;1.2799;1.2671;1.2504;1.2305;1.207;1.1801;1.151;1.12;1.087;1.0521;1.0159;0.9787;0.94144;0.90488;0.86905;0.83363;0.79853;
3000;1.3045;1.3026;1.2969;1.2875;1.2747;1.258;1.238;1.2147;1.188;1.1586;1.1276;1.0947;1.0599;1.0239;0.98693;0.9498;0.91334;0.87758;0.84232;0.80733;
3500;1.3126;1.3107;1.305;1.2956;1.2827;1.266;1.246;1.2226;1.1959;1.1666;1.1356;1.1027;1.068;1.0322;0.99549;0.95859;0.92238;0.88674;0.85154;0.81653;
4000;1.321;1.3192;1.3135;1.304;1.2911;1.2745;1.2544;1.231;1.2043;1.1748;1.1439;1.1111;1.0765;1.0408;1.0043;0.96776;0.93186;0.89639;0.86125;0.82638;
4500;1.3299;1.328;1.3223;1.3129;1.2999;1.2833;1.2633;1.2399;1.2132;1.1836;1.1525;1.1198;1.0854;1.0498;1.0136;0.97732;0.94175;0.90652;0.87147;0.83681;
5000;1.3392;1.3373;1.3316;1.3221;1.3091;1.2926;1.2726;1.2493;1.2226;1.1929;1.1617;1.1291;1.0946;1.0591;1.0232;0.98732;0.95201;0.91704;0.88222;0.84763;
5500;1.3489;1.347;1.3413;1.3319;1.3188;1.3023;1.2823;1.259;1.2323;1.2027;1.1714;1.1386;1.1041;1.0688;1.0332;0.99771;0.96268;0.92798;0.89341;0.85908;
6000;1.359;1.3571;1.3513;1.3419;1.3288;1.3123;1.2923;1.269;1.2425;1.2129;1.1814;1.1485;1.1141;1.0788;1.0434;1.0084;0.97378;0.93936;0.90507;0.87105;
6500;1.3694;1.3675;1.3618;1.3523;1.3393;1.3227;1.3028;1.2796;1.2531;1.2236;1.192;1.159;1.1247;1.0894;1.054;1.0193;0.98517;0.95111;0.91713;0.8834;
7000;1.3803;1.3784;1.3727;1.3633;1.3502;1.3337;1.3137;1.2906;1.2643;1.2349;1.2033;1.1702;1.136;1.1007;1.0653;1.0306;0.99663;0.96308;0.92952;0.8963;
7500;1.3917;1.3898;1.3842;1.3747;1.3616;1.3451;1.3252;1.3021;1.276;1.2468;1.2151;1.1819;1.1478;1.1125;1.0772;1.0427;1.0087;0.97533;0.94234;0.90958;
8000;1.4035;1.4017;1.396;1.3866;1.3736;1.357;1.3371;1.3141;1.2881;1.259;1.2275;1.1943;1.1601;1.1251;1.09;1.0556;1.0217;0.98829;0.95554;0.92343;
8500;1.4158;1.4139;1.4083;1.3988;1.3858;1.3693;1.3494;1.3265;1.3005;1.2717;1.2405;1.2074;1.1733;1.1386;1.1037;1.0694;1.0356;1.0022;0.96954;0.93779;
9000;1.4284;1.4265;1.4209;1.4115;1.3985;1.3821;1.3622;1.3394;1.3136;1.2851;1.2541;1.2212;1.1872;1.1528;1.1183;1.0842;1.0505;1.0172;0.9846;0.95294;
9500;1.4416;1.4397;1.4341;1.4246;1.4116;1.3953;1.3755;1.3528;1.3272;1.2989;1.2683;1.2357;1.202;1.1678;1.1338;1.1;1.0665;1.0333;1.0008;0.96928;
10000;1.4554;1.4535;1.4478;1.4384;1.4253;1.409;1.3894;1.3668;1.3413;1.3133;1.2831;1.251;1.2175;1.1837;1.1501;1.1169;1.0837;1.0507;1.0184;0.98712;
10500;1.4696;1.4677;1.4621;1.4525;1.4396;1.4232;1.4036;1.3812;1.356;1.3282;1.2984;1.2669;1.2339;1.2005;1.1675;1.1346;1.102;1.0695;1.0374;1.0065;
11000;1.4846;1.4826;1.4769;1.4674;1.4543;1.438;1.4184;1.3961;1.3712;1.3436;1.3142;1.2833;1.251;1.2183;1.1859;1.1535;1.1213;1.0895;1.0581;1.0276;
11500;1.4857;1.4838;1.4781;1.4685;1.4555;1.4392;1.4196;1.3972;1.3721;1.3446;1.3152;1.2843;1.252;1.2193;1.187;1.1546;1.1225;1.0907;1.0593;1.0288;
12000;1.4869;1.485;1.4793;1.4698;1.4567;1.4404;1.4207;1.3982;1.3731;1.3456;1.3162;1.2852;1.2529;1.2203;1.1879;1.1556;1.1235;1.0918;1.0605;1.0301;
12500;1.4882;1.4862;1.4804;1.4711;1.458;1.4416;1.4219;1.3993;1.3742;1.3466;1.3172;1.2861;1.2539;1.2212;1.1888;1.1566;1.1244;1.0927;1.0616;1.0312;
13000;1.4895;1.4875;1.4818;1.4723;1.4592;1.4428;1.423;1.4004;1.3752;1.3477;1.3182;1.2871;1.2548;1.2222;1.1898;1.1575;1.1254;1.0937;1.0626;1.0323;
13500;1.4908;1.4888;1.4831;1.4736;1.4604;1.4439;1.4241;1.4015;1.3763;1.3487;1.3191;1.2881;1.2558;1.2232;1.1908;1.1585;1.1264;1.0947;1.0636;1.0334;
14000;1.4921;1.4901;1.4843;1.4748;1.4616;1.445;1.4252;1.4026;1.3774;1.3498;1.3202;1.2891;1.2568;1.2242;1.1918;1.1595;1.1274;1.0957;1.0647;1.0345;
0.8;0;0.05;0.1;0.15;0.2;0.25;0.3;0.35;0.4;0.45;0.5;0.55;0.6;0.65;0.7;0.75;0.8;0.85;0.9;0.95;
0;1.2044;1.2026;1.1969;1.1876;1.1747;1.1582;1.1384;1.1153;1.0893;1.0603;1.0287;0.99476;0.95858;0.92106;0.88275;0.84394;0.80546;0.76788;0.73167;0.69643;
500;1.2086;1.2073;1.2016;1.1923;1.1794;1.1629;1.143;1.1199;1.0938;1.0648;1.0331;0.99925;0.9631;0.92556;0.88725;0.84849;0.81006;0.77258;0.73646;0.70125;
1000;1.214;1.2122;1.2065;1.1972;1.1843;1.1678;1.1479;1.1247;1.0986;1.0696;1.0379;1.004;0.96788;0.93029;0.89189;0.8533;0.81491;0.77751;0.74147;0.70627;
1500;1.219;1.2172;1.2115;1.2022;1.1893;1.1728;1.1529;1.1298;1.1035;1.0746;1.043;1.0091;0.97302;0.93541;0.897;0.85841;0.82;0.78268;0.74669;0.71151;
2000;1.2243;1.2224;1.2168;1.2074;1.1945;1.178;1.1581;1.1349;1.1086;1.0797;1.0482;1.0145;0.97843;0.94082;0.90241;0.86386;0.82554;0.78823;0.7522;0.71699;
2500;1.2297;1.2278;1.2223;1.2129;1.2;1.1835;1.1635;1.1403;1.114;1.0851;1.0537;1.0201;0.9841;0.94652;0.90812;0.86961;0.83136;0.79413;0.75811;0.72284;
3000;1.2354;1.2335;1.2279;1.2186;1.2057;1.1892;1.1693;1.146;1.1196;1.0908;1.0595;1.0259;0.99002;0.95248;0.91415;0.87567;0.8375;0.80036;0.76433;0.72902;
3500;1.2414;1.2395;1.2339;1.2247;1.2117;1.1951;1.1753;1.152;1.1256;1.0968;1.0655;1.0319;0.99621;0.95876;0.92046;0.88203;0.84396;0.80694;0.77091;0.73555;
4000;1.2476;1.2457;1.2401;1.2309;1.2179;1.2014;1.1815;1.1582;1.1317;1.103;1.0718;1.0383;1.0027;0.96527;0.92708;0.88874;0.85082;0.8139;0.77786;0.74244;
4500;1.2542;1.2523;1.2467;1.2374;1.2245;1.2079;1.188;1.1647;1.1382;1.1095;1.0783;1.0449;1.0094;0.97214;0.93404;0.89579;0.85802;0.82125;0.78518;0.74967;
5000;1.261;1.2591;1.2535;1.2442;1.2313;1.2148;1.1948;1.1714;1.145;1.1162;1.0851;1.0518;1.0164;0.97935;0.94134;0.90321;0.86557;0.82892;0.79288;0.75731;
5500;1.2682;1.2663;1.2607;1.2514;1.2385;1.2219;1.202;1.1785;1.1519;1.1232;1.0922;1.0589;1.0238;0.98689;0.94899;0.91097;0.87345;0.83692;0.80099;0.76541;
6000;1.2758;1.2739;1.2682;1.2589;1.2459;1.2294;1.2094;1.186;1.1593;1.1305;1.0996;1.0663;1.0314;0.9947;0.95691;0.91905;0.88174;0.84534;0.80948;0.77397;
6500;1.2838;1.2819;1.2762;1.2668;1.2539;1.2373;1.2173;1.1938;1.1671;1.1382;1.1073;1.0742;1.0392;1.0027;0.96517;0.92747;0.8904;0.85417;0.81841;0.78298;
7000;1.2918;1.2899;1.2843;1.2749;1.2621;1.2456;1.2255;1.202;1.1752;1.1462;1.1153;1.0822;1.0474;1.0111;0.97379;0.93629;0.89948;0.86342;0.82779;0.79249;
7500;1.3002;1.2983;1.2927;1.2833;1.2704;1.2538;1.2339;1.2106;1.1837;1.1545;1.1236;1.0906;1.0559;1.0198;0.98278;0.94557;0.90901;0.87314;0.83765;0.80242;
8000;1.309;1.3071;1.3014;1.292;1.2792;1.2625;1.2426;1.2192;1.1926;1.1633;1.1323;1.0995;1.0648;1.0289;0.99221;0.95527;0.91903;0.88334;0.84799;0.81289;
8500;1.3183;1.3164;1.3107;1.3013;1.2883;1.2718;1.2518;1.2283;1.2017;1.1723;1.1414;1.1087;1.0741;1.0384;1.0019;0.96542;0.92953;0.89405;0.85884;0.82389;
9000;1.3281;1.3263;1.3206;1.3111;1.2982;1.2816;1.2615;1.2381;1.2115;1.1819;1.1509;1.1183;1.0839;1.0483;1.0122;0.97603;0.94048;0.90528;0.87024;0.83555;
9500;1.3386;1.3367;1.331;1.3215;1.3085;1.2919;1.2719;1.2485;1.2219;1.1922;1.161;1.1284;1.094;1.0587;1.0229;0.98713;0.95189;0.91699;0.88221;0.84765;
10000;1.3494;1.3475;1.3418;1.3324;1.3194;1.3029;1.2829;1.2595;1.233;1.2033;1.1719;1.1392;1.1048;1.0695;1.034;0.9987;0.96379;0.92919;0.89472;0.86049;
10500;1.3609;1.359;1.3533;1.3438;1.3309;1.3143;1.2943;1.2711;1.2446;1.215;1.1836;1.1507;1.1164;1.0811;1.0456;1.0107;0.97625;0.94195;0.9078;0.87393;
11000;1.373;1.3711;1.3654;1.3559;1.3429;1.3264;1.3064;1.2833;1.2569;1.2274;1.1959;1.1629;1.1286;1.0934;1.058;1.0233;0.9892;0.95532;0.92151;0.88804;
11500;1.3733;1.3714;1.3657;1.3563;1.3433;1.3267;1.3067;1.2835;1.2571;1.2276;1.1961;1.163;1.1288;1.0936;1.0582;1.0235;0.98948;0.95571;0.92201;0.88864;
12000;1.3737;1.3718;1.3661;1.3566;1.3436;1.327;1.3069;1.2838;1.2574;1.2279;1.1963;1.1632;1.129;1.0938;1.0584;1.0237;0.98972;0.95598;0.92229;0.88895;
12500;1.374;1.3721;1.3664;1.357;1.3439;1.3273;1.3072;1.2841;1.2576;1.2281;1.1966;1.1635;1.1293;1.0941;1.0586;1.024;0.98999;0.95627;0.92261;0.88928;
13000;1.3744;1.3724;1.3668;1.3573;1.3442;1.3276;1.3075;1.2844;1.2578;1.2284;1.1968;1.1637;1.1295;1.0943;1.0589;1.0242;0.99028;0.95658;0.92295;0.88964;
13500;1.3747;1.3728;1.3671;1.3576;1.3445;1.3279;1.3078;1.2847;1.2582;1.2287;1.1971;1.164;1.1298;1.0946;1.0592;1.0245;0.9906;0.95692;0.92331;0.89003;
14000;1.3751;1.3731;1.3674;1.3579;1.3448;1.3282;1.3082;1.285;1.2585;1.229;1.1974;1.1642;1.13;1.0949;1.0595;1.0249;0.99094;0.95729;0.9237;0.89044;
0.75;0;0.05;0.1;0.15;0.2;0.25;0.3;0.35;0.4;0.45;0.5;0.55;0.6;0.65;0.7;0.75;0.8;0.85;0.9;0.95;
0;1.1587;1.1569;1.1512;1.1419;1.129;1.1128;1.0931;1.0705;1.0446;1.0156;0.98433;0.95044;0.91467;0.87733;0.83881;0.79969;0.76057;0.72236;0.68525;0.64987;
500;1.1623;1.1605;1.1548;1.1455;1.1326;1.1163;1.0966;1.0739;1.0479;1.0189;0.98761;0.9537;0.91784;0.88055;0.84206;0.80296;0.76386;0.72563;0.68861;0.65317;
1000;1.166;1.1642;1.1585;1.1492;1.1363;1.1199;1.1002;1.0774;1.0514;1.0224;0.99106;0.95706;0.92117;0.88389;0.84543;0.80639;0.76735;0.72913;0.69214;0.65666;
1500;1.1698;1.168;1.1623;1.153;1.14;1.1236;1.1039;1.0811;1.0551;1.0261;0.99465;0.96061;0.92465;0.88737;0.84895;0.80995;0.77096;0.73273;0.69582;0.66039;
2000;1.1737;1.1719;1.1662;1.1569;1.1439;1.1275;1.1077;1.0849;1.059;1.0298;0.99836;0.96432;0.92833;0.89102;0.85261;0.81366;0.77473;0.7365;0.69967;0.6643;
2500;1.1778;1.176;1.1703;1.1609;1.148;1.1316;1.1118;1.089;1.063;1.0338;1.0022;0.96822;0.93219;0.89487;0.85646;0.81753;0.77867;0.74047;0.70373;0.66838;
3000;1.182;1.1802;1.1745;1.1652;1.1522;1.1358;1.116;1.0931;1.0671;1.0379;1.0063;0.97231;0.93625;0.89889;0.86052;0.82162;0.78282;0.74466;0.70795;0.67262;
3500;1.1864;1.1845;1.1789;1.1695;1.1566;1.1401;1.1203;1.0974;1.0714;1.0422;1.0106;0.97661;0.9405;0.90311;0.86477;0.8259;0.78713;0.74906;0.71236;0.67705;
4000;1.1909;1.1891;1.1834;1.1741;1.1611;1.1447;1.1249;1.1019;1.0759;1.0467;1.0151;0.98113;0.94497;0.90756;0.86922;0.83038;0.79163;0.75364;0.71704;0.68169;
4500;1.1957;1.1938;1.1882;1.1789;1.1659;1.1495;1.1296;1.1066;1.0806;1.0515;1.0198;0.98587;0.94969;0.91224;0.87389;0.83503;0.79634;0.75847;0.72198;0.6866;
5000;1.2007;1.1988;1.1932;1.1838;1.1709;1.1544;1.1346;1.1115;1.0855;1.0564;1.0248;0.99084;0.95465;0.91712;0.87877;0.83994;0.8013;0.76356;0.72717;0.6918;
5500;1.2058;1.2039;1.1983;1.189;1.176;1.1596;1.1397;1.1166;1.0906;1.0616;1.03;0.99605;0.95983;0.92225;0.88389;0.84503;0.80653;0.76889;0.73261;0.69727;
6000;1.2112;1.2093;1.2037;1.1944;1.1815;1.165;1.1451;1.122;1.096;1.067;1.0354;1.0015;0.96528;0.92767;0.8893;0.85049;0.81201;0.7745;0.73833;0.70301;
6500;1.2169;1.215;1.2094;1.2001;1.1871;1.1707;1.1508;1.1277;1.1015;1.0726;1.041;1.0071;0.97101;0.93339;0.89501;0.85628;0.81783;0.78039;0.74431;0.70903;
7000;1.2228;1.2209;1.2154;1.206;1.1931;1.1766;1.1567;1.1336;1.1072;1.0783;1.0469;1.0131;0.97704;0.93943;0.90098;0.86239;0.824;0.78665;0.7506;0.71533;
7500;1.229;1.227;1.2215;1.2121;1.1992;1.1827;1.1628;1.1396;1.1133;1.0844;1.053;1.0194;0.98339;0.94581;0.9074;0.86886;0.83059;0.7933;0.75726;0.72198;
8000;1.2354;1.2334;1.2279;1.2185;1.2056;1.1891;1.1693;1.146;1.1196;1.0908;1.0595;1.0259;0.99007;0.95254;0.9142;0.87572;0.83756;0.8004;0.76435;0.72901;
8500;1.2421;1.2402;1.2346;1.2254;1.2124;1.1959;1.176;1.1527;1.1263;1.0976;1.0663;1.0328;0.99708;0.95966;0.92136;0.88297;0.84494;0.80794;0.77188;0.73648;
9000;1.2492;1.2472;1.2417;1.2324;1.2195;1.203;1.1831;1.1597;1.1333;1.1046;1.0735;1.04;1.0044;0.96706;0.92891;0.89063;0.85279;0.81595;0.77989;0.74444;
9500;1.2566;1.2547;1.2491;1.2398;1.2269;1.2104;1.1905;1.1671;1.1406;1.1119;1.0808;1.0475;1.0121;0.97496;0.93692;0.89875;0.86107;0.82441;0.78841;0.75291;
10000;1.2644;1.2625;1.2569;1.2475;1.2347;1.2182;1.1983;1.1749;1.1483;1.1196;1.0886;1.0553;1.0202;0.98321;0.94526;0.90731;0.86982;0.83333;0.79744;0.76194;
10500;1.2727;1.2707;1.2651;1.2557;1.2429;1.2264;1.2064;1.183;1.1564;1.1276;1.0967;1.0635;1.0286;0.99182;0.95412;0.91628;0.87902;0.8427;0.80695;0.77157;
11000;1.2814;1.2795;1.2738;1.2644;1.2516;1.235;1.215;1.1916;1.1649;1.1361;1.1052;1.0721;1.0372;1.0009;0.96338;0.92573;0.88872;0.85258;0.81696;0.78167;
11500;1.2815;1.2796;1.274;1.2646;1.2518;1.2352;1.2152;1.1918;1.1652;1.1362;1.1054;1.0723;1.0374;1.0011;0.96358;0.92593;0.88892;0.8528;0.81719;0.7819;
12000;1.2817;1.2798;1.2741;1.2648;1.2519;1.2354;1.2154;1.192;1.1654;1.1364;1.1056;1.0725;1.0376;1.0013;0.96379;0.92614;0.88914;0.85303;0.81742;0.78214;
12500;1.2819;1.28;1.2743;1.265;1.2521;1.2356;1.2156;1.1923;1.1656;1.1366;1.1058;1.0727;1.0379;1.0015;0.96402;0.92638;0.88937;0.85328;0.81767;0.78239;
13000;1.2821;1.2801;1.2745;1.2652;1.2523;1.2358;1.2158;1.1925;1.1658;1.1369;1.106;1.073;1.0381;1.0018;0.96428;0.92662;0.88963;0.85355;0.81794;0.78266;
13500;1.2823;1.2804;1.2748;1.2654;1.2526;1.236;1.2161;1.1927;1.1661;1.1371;1.1063;1.0732;1.0384;1.002;0.96453;0.92688;0.88989;0.85382;0.81822;0.78295;
14000;1.2826;1.2806;1.275;1.2656;1.2528;1.2363;1.2163;1.193;1.1663;1.1374;1.1065;1.0735;1.0386;1.0023;0.9648;0.92714;0.89017;0.85411;0.81851;0.78324;
0.7;0;0.05;0.1;0.15;0.2;0.25;0.3;0.35;0.4;0.45;0.5;0.55;0.6;0.65;0.7;0.75;0.8;0.85;0.9;0.95;
0;1.123;1.1212;1.1156;1.1064;1.0937;1.0776;1.0583;1.0357;1.01;0.98155;0.95028;0.91665;0.88089;0.84333;0.80464;0.76572;0.72722;0.68964;0.6532;0.61813;
500;1.1255;1.1238;1.1182;1.1089;1.0962;1.0801;1.0608;1.0382;1.0124;0.98392;0.95267;0.91903;0.8833;0.84576;0.80707;0.76811;0.7295;0.69183;0.65528;0.62011;
1000;1.1282;1.1264;1.1208;1.1116;1.0988;1.0827;1.0634;1.0408;1.0149;0.98638;0.95518;0.92151;0.8858;0.84827;0.8096;0.77058;0.73194;0.69413;0.65749;0.62217;
1500;1.131;1.1291;1.1235;1.1143;1.1015;1.0854;1.066;1.0434;1.0175;0.98897;0.95781;0.9241;0.88839;0.85088;0.81221;0.77315;0.73442;0.69655;0.65983;0.62444;
2000;1.1338;1.1319;1.1263;1.117;1.1042;1.0881;1.0687;1.0461;1.0202;0.99165;0.96054;0.92677;0.8911;0.85361;0.81493;0.77587;0.73703;0.69909;0.66231;0.62681;
2500;1.1366;1.1348;1.1291;1.1199;1.1071;1.0909;1.0715;1.049;1.0231;0.99447;0.96335;0.92955;0.89391;0.85644;0.81775;0.77865;0.73979;0.70175;0.6649;0.62935;
3000;1.1396;1.1378;1.1322;1.1229;1.1101;1.0939;1.0745;1.0519;1.026;0.99739;0.96626;0.93245;0.89681;0.85938;0.82073;0.78152;0.74268;0.70452;0.66761;0.63207;
3500;1.1428;1.141;1.1353;1.1261;1.1132;1.097;1.0775;1.055;1.0291;1.0004;0.96927;0.93546;0.89983;0.86244;0.8238;0.78456;0.74562;0.70745;0.67044;0.63491;
4000;1.1461;1.1443;1.1386;1.1294;1.1165;1.1003;1.0807;1.0582;1.0323;1.0036;0.97241;0.93859;0.90296;0.86563;0.827;0.78776;0.74877;0.71045;0.67344;0.63795;
4500;1.1496;1.1478;1.1421;1.1328;1.1199;1.1037;1.0841;1.0616;1.0357;1.0069;0.97568;0.94186;0.90622;0.86889;0.83032;0.79112;0.75203;0.71369;0.67662;0.64115;
5000;1.1532;1.1514;1.1457;1.1364;1.1235;1.1072;1.0877;1.0652;1.0392;1.0104;0.97912;0.94529;0.90957;0.87228;0.83375;0.79459;0.75548;0.71712;0.68003;0.64453;
5500;1.1569;1.1552;1.1495;1.1401;1.1273;1.111;1.0914;1.0688;1.0429;1.014;0.98272;0.94884;0.91309;0.87583;0.83735;0.79817;0.75902;0.72072;0.68359;0.64812;
6000;1.1609;1.1591;1.1534;1.1441;1.1312;1.1149;1.0953;1.0727;1.0467;1.0178;0.98645;0.95256;0.91677;0.87954;0.84106;0.80191;0.76274;0.7245;0.68737;0.65192;
6500;1.1651;1.1633;1.1576;1.1483;1.1354;1.1191;1.0994;1.0767;1.0507;1.0217;0.99041;0.95648;0.92065;0.88343;0.84492;0.80582;0.76668;0.72845;0.69139;0.6559;
7000;1.1695;1.1677;1.162;1.1527;1.1398;1.1234;1.1037;1.0809;1.055;1.0259;0.99457;0.96062;0.92476;0.88745;0.84896;0.80991;0.77085;0.73259;0.69563;0.66017;
7500;1.1741;1.1723;1.1666;1.1573;1.1443;1.1279;1.1082;1.0854;1.0594;1.0303;0.99893;0.96498;0.92902;0.89169;0.85323;0.81422;0.77522;0.73694;0.7001;0.6647;
8000;1.1788;1.177;1.1713;1.162;1.149;1.1326;1.1129;1.09;1.0641;1.035;1.0035;0.96955;0.93348;0.89613;0.85771;0.81876;0.77986;0.74157;0.70483;0.66947;
8500;1.1837;1.1819;1.1762;1.1669;1.154;1.1375;1.1178;1.0949;1.069;1.0398;1.0083;0.97429;0.93817;0.90079;0.86242;0.82352;0.78471;0.74655;0.70989;0.6745;
9000;1.189;1.1871;1.1814;1.1721;1.1592;1.1427;1.123;1.1;1.0741;1.045;1.0133;0.97929;0.94311;0.90569;0.86735;0.82849;0.78974;0.75174;0.71511;0.67978;
9500;1.1944;1.1926;1.1869;1.1776;1.1646;1.1482;1.1284;1.1054;1.0794;1.0503;1.0186;0.98458;0.94836;0.91089;0.87256;0.83373;0.79506;0.7572;0.72071;0.68533;
10000;1.2001;1.1982;1.1926;1.1833;1.1703;1.1539;1.1341;1.111;1.085;1.0558;1.0242;0.99017;0.95395;0.91643;0.87807;0.83928;0.80068;0.76296;0.72661;0.69124;
10500;1.206;1.2041;1.1985;1.1891;1.1762;1.1598;1.1399;1.1168;1.0908;1.0617;1.03;0.99609;0.95989;0.9223;0.88395;0.84513;0.80663;0.76904;0.73277;0.69745;
11000;1.2121;1.2102;1.2047;1.1953;1.1824;1.1659;1.1461;1.1229;1.0969;1.0678;1.0362;1.0023;0.96616;0.92855;0.89009;0.8514;0.81293;0.77542;0.73928;0.704;
11500;1.2123;1.2105;1.205;1.1956;1.1827;1.1662;1.1463;1.1233;1.0971;1.0681;1.0364;1.0026;0.96637;0.92873;0.89026;0.85154;0.8131;0.77561;0.73947;0.70418;
12000;1.2127;1.2108;1.2052;1.1959;1.1829;1.1665;1.1466;1.1234;1.0974;1.0683;1.0366;1.0028;0.96658;0.92892;0.89044;0.8517;0.81324;0.77578;0.73967;0.70438;
12500;1.2128;1.2109;1.2054;1.196;1.1831;1.1666;1.1468;1.1237;1.0976;1.0686;1.0369;1.003;0.96679;0.92912;0.89062;0.85186;0.8134;0.77593;0.73982;0.70458;
13000;1.213;1.211;1.2055;1.1962;1.1833;1.1668;1.147;1.1238;1.0978;1.0688;1.0372;1.0032;0.96701;0.92932;0.89081;0.85204;0.81357;0.77609;0.73999;0.70474;
13500;1.2131;1.2112;1.2057;1.1963;1.1834;1.167;1.1471;1.124;1.098;1.069;1.0374;1.0035;0.96723;0.92953;0.89108;0.85222;0.81375;0.77626;0.74015;0.70491;
14000;1.2133;1.2114;1.2058;1.1965;1.1836;1.1671;1.1473;1.1241;1.098;1.0691;1.0375;1.0037;0.96746;0.92974;0.89128;0.85248;0.81393;0.77643;0.74032;0.70508;
0.65;0;0.05;0.1;0.15;0.2;0.25;0.3;0.35;0.4;0.45;0.5;0.55;0.6;0.65;0.7;0.75;0.8;0.85;0.9;0.95;
0;1.0942;1.0924;1.0869;1.0779;1.0654;1.0496;1.0305;1.0082;0.98286;0.95466;0.9234;0.88978;0.85385;0.81638;0.7783;0.74072;0.70413;0.66872;0.63472;0.60224;
500;1.0962;1.0944;1.0889;1.0797;1.0672;1.0513;1.0322;1.0098;0.98457;0.95631;0.92517;0.89155;0.85562;0.81813;0.77998;0.74223;0.70545;0.66983;0.63599;0.60282;
1000;1.0983;1.0964;1.0909;1.0818;1.0692;1.0533;1.034;1.0116;0.98628;0.95808;0.92687;0.89328;0.85745;0.81995;0.78176;0.74384;0.70687;0.67102;0.63651;0.60348;
1500;1.1004;1.0985;1.093;1.0839;1.0713;1.0554;1.0361;1.0136;0.98804;0.95993;0.92872;0.89516;0.85934;0.82184;0.78361;0.74556;0.70837;0.67231;0.63756;0.60427;
2000;1.1026;1.1007;1.0952;1.086;1.0734;1.0575;1.0382;1.0156;0.99012;0.96186;0.93068;0.89709;0.86131;0.82381;0.78552;0.74734;0.70997;0.67369;0.63872;0.60519;
2500;1.1048;1.1029;1.0974;1.0882;1.0756;1.0597;1.0404;1.0178;0.99226;0.96396;0.93275;0.89914;0.86335;0.82587;0.7875;0.7492;0.71166;0.67518;0.63998;0.60617;
3000;1.107;1.1052;1.0997;1.0905;1.0779;1.0619;1.0426;1.02;0.99447;0.96615;0.93487;0.90132;0.86546;0.82801;0.78958;0.75114;0.71346;0.67678;0.64138;0.60737;
3500;1.1094;1.1075;1.1019;1.0928;1.0802;1.0642;1.0449;1.0223;0.99673;0.96842;0.93714;0.90358;0.86774;0.83015;0.7917;0.75317;0.71535;0.6785;0.6429;0.60868;
4000;1.1118;1.11;1.1044;1.0952;1.0825;1.0666;1.0473;1.0247;0.99906;0.97078;0.93949;0.90593;0.87011;0.83249;0.79391;0.75531;0.71736;0.68033;0.64454;0.61013;
4500;1.1143;1.1125;1.1069;1.0977;1.085;1.0691;1.0497;1.0272;1.0015;0.97321;0.94203;0.90835;0.87254;0.8349;0.79628;0.75753;0.71948;0.6823;0.64633;0.61173;
5000;1.1169;1.1151;1.1096;1.1003;1.0876;1.0716;1.0523;1.0297;1.004;0.97573;0.94452;0.91085;0.87504;0.8374;0.79874;0.75991;0.72169;0.6844;0.64825;0.61349;
5500;1.1197;1.1178;1.1122;1.103;1.0903;1.0743;1.055;1.0324;1.0067;0.97833;0.94708;0.91346;0.87763;0.84001;0.80131;0.76243;0.72405;0.68661;0.65033;0.6154;
6000;1.1225;1.1206;1.1151;1.1058;1.0931;1.0771;1.0577;1.0351;1.0094;0.98103;0.94975;0.91613;0.88033;0.84272;0.80399;0.76506;0.72655;0.68898;0.65255;0.61749;
6500;1.1254;1.1236;1.118;1.1088;1.096;1.0799;1.0606;1.038;1.0123;0.98379;0.95255;0.91891;0.88313;0.84553;0.80681;0.76781;0.72918;0.6915;0.65494;0.61975;
7000;1.1285;1.1266;1.121;1.1118;1.099;1.083;1.0636;1.041;1.0152;0.98667;0.95546;0.92177;0.88603;0.84846;0.80973;0.77073;0.73194;0.69415;0.65749;0.62217;
7500;1.1316;1.1298;1.1242;1.115;1.1022;1.0861;1.0667;1.0441;1.0182;0.98967;0.95853;0.92474;0.88904;0.8515;0.81277;0.77365;0.73488;0.69694;0.66021;0.62478;
8000;1.135;1.1332;1.1275;1.1183;1.1055;1.0893;1.0699;1.0473;1.0214;0.99283;0.96168;0.92785;0.89217;0.85466;0.81595;0.77682;0.73792;0.6999;0.66308;0.62764;
8500;1.1384;1.1367;1.131;1.1217;1.1089;1.0927;1.0733;1.0507;1.0248;0.99614;0.96494;0.93111;0.89544;0.85796;0.81927;0.78005;0.74117;0.70304;0.66616;0.63066;
9000;1.142;1.1402;1.1346;1.1253;1.1124;1.0962;1.0768;1.0542;1.0283;0.99959;0.96835;0.93451;0.89884;0.8614;0.82273;0.78348;0.74454;0.70635;0.66942;0.63392;
9500;1.1458;1.144;1.1383;1.1291;1.1162;1.1;1.0804;1.0579;1.032;1.0032;0.97195;0.93809;0.9024;0.865;0.82637;0.78712;0.74819;0.7099;0.6729;0.63738;
10000;1.1498;1.148;1.1423;1.1331;1.1202;1.1039;1.0844;1.0619;1.0359;1.007;0.97574;0.94185;0.90613;0.86877;0.83018;0.79097;0.75196;0.71363;0.67661;0.64109;
10500;1.1541;1.1523;1.1466;1.1373;1.1244;1.1081;1.0885;1.0659;1.0399;1.011;0.97976;0.94585;0.91005;0.87273;0.83417;0.79501;0.75592;0.71763;0.68052;0.64505;
11000;1.1585;1.1567;1.151;1.1417;1.1288;1.1125;1.0929;1.0702;1.0443;1.0153;0.984;0.95004;0.9142;0.8769;0.83837;0.79922;0.76009;0.72184;0.68471;0.64927;
11500;1.1587;1.1569;1.1512;1.1419;1.129;1.1127;1.0931;1.0704;1.0444;1.0155;0.98413;0.95016;0.91429;0.87698;0.83842;0.7993;0.76014;0.72188;0.68473;0.64931;
12000;1.1589;1.1571;1.1514;1.1421;1.1292;1.1129;1.0932;1.0706;1.0446;1.0156;0.98427;0.95029;0.91439;0.87706;0.8385;0.79933;0.76021;0.72192;0.68475;0.64936;
12500;1.1591;1.1573;1.1516;1.1423;1.1294;1.1131;1.0934;1.0707;1.0448;1.0158;0.98441;0.95041;0.9145;0.87714;0.83855;0.79938;0.76024;0.72196;0.68478;0.64939;
13000;1.1593;1.1575;1.1518;1.1425;1.1296;1.1133;1.0936;1.0709;1.045;1.0159;0.98456;0.95053;0.91461;0.87723;0.83862;0.79941;0.76028;0.72201;0.68481;0.64942;
13500;1.1595;1.1577;1.152;1.1427;1.1298;1.1135;1.0938;1.0711;1.0451;1.0161;0.98471;0.95066;0.91472;0.87733;0.8387;0.79947;0.76031;0.72203;0.68485;0.64945;
14000;1.1597;1.1579;1.1522;1.1429;1.13;1.1137;1.094;1.0713;1.0453;1.0163;0.98487;0.9508;0.91483;0.87743;0.83878;0.79953;0.76034;0.72207;0.68488;0.6495;
0.6;0;0.05;0.1;0.15;0.2;0.25;0.3;0.35;0.4;0.45;0.5;0.55;0.6;0.65;0.7;0.75;0.8;0.85;0.9;0.95;
0;1.0728;1.0711;1.0656;1.0565;1.044;1.0281;1.0089;0.98634;0.96095;0.93237;0.90123;0.86769;0.83215;0.7956;0.7598;0.72495;0.69161;0.66005;0.63084;-9999;
500;1.0743;1.0725;1.067;1.0579;1.0453;1.0295;1.0102;0.98773;0.96232;0.93377;0.9026;0.86903;0.83342;0.79676;0.76074;0.72573;0.69214;0.66035;0.63067;-9999;
1000;1.0757;1.0739;1.0684;1.0593;1.0467;1.0309;1.0117;0.98917;0.96375;0.93524;0.90403;0.87043;0.83474;0.79799;0.76183;0.72663;0.6927;0.66058;0.63056;-9999;
1500;1.0771;1.0753;1.0698;1.0607;1.0482;1.0324;1.0131;0.99066;0.96524;0.93674;0.9055;0.87189;0.83616;0.79928;0.76294;0.72746;0.69338;0.66092;0.6305;0.60268;
2000;1.0786;1.0768;1.0713;1.0622;1.0497;1.0339;1.0146;0.99218;0.96677;0.93829;0.90704;0.8734;0.83764;0.80068;0.76411;0.72842;0.69408;0.66132;0.63049;0.60217;
2500;1.0801;1.0783;1.0728;1.0638;1.0512;1.0354;1.0162;0.99374;0.96833;0.9399;0.90865;0.87497;0.83919;0.80216;0.76533;0.72946;0.69481;0.66178;0.63057;0.6017;
3000;1.0817;1.0799;1.0744;1.0653;1.0528;1.037;1.0178;0.99534;0.96994;0.94155;0.91027;0.87661;0.84081;0.80369;0.76665;0.73054;0.69565;0.66228;0.63072;0.60127;
3500;1.0833;1.0815;1.076;1.067;1.0545;1.0386;1.0194;0.99699;0.9716;0.94323;0.91195;0.87829;0.84247;0.80527;0.76799;0.7317;0.69655;0.66289;0.63096;0.60104;
4000;1.085;1.0832;1.0777;1.0686;1.0561;1.0403;1.0211;0.99868;0.97331;0.94497;0.9137;0.88003;0.84417;0.80692;0.76945;0.73294;0.69754;0.66356;0.63129;0.60092;
4500;1.0867;1.0849;1.0794;1.0703;1.0578;1.0421;1.0229;1.0004;0.97507;0.94676;0.9155;0.88182;0.84595;0.80861;0.77098;0.73424;0.69861;0.66434;0.63168;0.60091;
5000;1.0885;1.0866;1.0811;1.0721;1.0596;1.0438;1.0246;1.0022;0.97686;0.94859;0.91736;0.88368;0.84777;0.81036;0.77258;0.73562;0.69974;0.66514;0.63221;0.601;
5500;1.0902;1.0884;1.0829;1.0739;1.0614;1.0455;1.0264;1.004;0.9787;0.95048;0.91916;0.88558;0.84963;0.8122;0.77427;0.73708;0.70095;0.66611;0.63281;0.6012;
6000;1.0921;1.0903;1.0848;1.0757;1.0632;1.0474;1.0283;1.0059;0.98057;0.95232;0.9212;0.88755;0.85157;0.81409;0.77605;0.73863;0.70226;0.66716;0.63352;0.60152;
6500;1.094;1.0922;1.0867;1.0776;1.0651;1.0494;1.0302;1.0079;0.98252;0.9544;0.92318;0.88957;0.85359;0.81606;0.77792;0.74028;0.70368;0.66831;0.63436;0.60199;
7000;1.0963;1.0944;1.0889;1.0798;1.0672;1.0513;1.0322;1.0098;0.98452;0.9564;0.92517;0.89157;0.85566;0.81811;0.77989;0.74205;0.70522;0.66956;0.63551;0.60259;
7500;1.0987;1.0968;1.0913;1.0822;1.0696;1.0537;1.0344;1.0119;0.98658;0.95847;0.92729;0.89379;0.85784;0.82025;0.78198;0.74396;0.70687;0.67095;0.6364;0.60335;
8000;1.1012;1.0993;1.0938;1.0846;1.072;1.0561;1.0368;1.0143;0.98884;0.9606;0.92948;0.896;0.86006;0.82249;0.78417;0.74599;0.70867;0.6725;0.63765;0.60428;
8500;1.1038;1.1019;1.0964;1.0872;1.0746;1.0587;1.0394;1.0169;0.99133;0.96309;0.93184;0.89827;0.86237;0.82483;0.78644;0.74811;0.71059;0.67417;0.63905;0.60544;
9000;1.1064;1.1046;1.099;1.0899;1.0773;1.0613;1.0421;1.0195;0.99394;0.96571;0.93439;0.90071;0.8648;0.82726;0.7888;0.75035;0.71264;0.67599;0.64062;0.60666;
9500;1.1093;1.1074;1.1018;1.0927;1.08;1.0641;1.0448;1.0222;0.99665;0.96837;0.93706;0.90335;0.86741;0.82976;0.79128;0.7527;0.71483;0.67795;0.64235;0.60813;
10000;1.1122;1.1104;1.1048;1.0956;1.0829;1.067;1.0477;1.0251;0.99946;0.97114;0.93978;0.90609;0.87016;0.83249;0.79387;0.75518;0.71715;0.68008;0.64425;0.6098;
10500;1.1152;1.1134;1.1079;1.0986;1.086;1.07;1.0507;1.0281;1.0024;0.97398;0.94264;0.90894;0.87302;0.83533;0.79666;0.75779;0.71962;0.68237;0.64634;0.61168;
11000;1.1184;1.1166;1.1111;1.1018;1.0891;1.0731;1.0538;1.0311;1.0054;0.97695;0.94566;0.91189;0.876;0.83831;0.79955;0.76061;0.72224;0.68483;0.64861;0.61377;
11500;1.1186;1.1167;1.1112;1.1019;1.0892;1.0732;1.0539;1.0313;1.0055;0.97706;0.9458;0.91197;0.87606;0.83834;0.79959;0.76064;0.72225;0.68482;0.6486;0.61376;
12000;1.1186;1.1168;1.1113;1.102;1.0893;1.0733;1.054;1.0314;1.0056;0.97718;0.94593;0.91205;0.87612;0.83838;0.79962;0.76067;0.72226;0.68482;0.64859;0.61374;
12500;1.1188;1.1169;1.1114;1.1022;1.0895;1.0734;1.0541;1.0316;1.0058;0.9773;0.94594;0.91213;0.87619;0.83842;0.79965;0.7607;0.72226;0.68482;0.64858;0.61373;
13000;1.1189;1.1171;1.1116;1.1023;1.0896;1.0736;1.0542;1.0317;1.0059;0.97743;0.94605;0.91221;0.87626;0.83847;0.79967;0.76071;0.72228;0.68482;0.64857;0.61372;
13500;1.119;1.1172;1.1117;1.1024;1.0897;1.0737;1.0544;1.0317;1.006;0.97756;0.94624;0.9123;0.87633;0.83851;0.7997;0.76074;0.72228;0.68482;0.64857;0.6137;
14000;1.1192;1.1174;1.1118;1.1025;1.0898;1.0738;1.0545;1.0319;1.0061;0.97768;0.94631;0.91239;0.87641;0.83857;0.79973;0.76074;0.72229;0.68482;0.64857;0.61369;
0.55;0;0.05;0.1;0.15;0.2;0.25;0.3;0.35;0.4;0.45;0.5;0.55;0.6;0.65;0.7;0.75;0.8;0.85;0.9;0.95;
0;1.0545;1.0527;1.0472;1.0383;1.0258;1.0099;0.9908;0.96836;0.94297;0.91465;0.88397;0.85088;0.81627;0.78218;0.74896;0.71725;0.68785;-9999;-9999;-9999;
500;1.0561;1.0538;1.0483;1.0393;1.0268;1.0109;0.9918;0.96935;0.94395;0.9156;0.88488;0.85179;0.81704;0.78276;0.74945;0.71755;0.68788;-9999;-9999;-9999;
1000;1.0566;1.0549;1.0494;1.0404;1.0279;1.0119;0.99284;0.97038;0.94498;0.91658;0.88583;0.85272;0.81785;0.78343;0.74995;0.71786;0.68793;-9999;-9999;-9999;
1500;1.0577;1.056;1.0504;1.0415;1.029;1.0131;0.99392;0.97145;0.94604;0.91761;0.88683;0.85368;0.8187;0.78413;0.75046;0.7182;0.688;-9999;-9999;-9999;
2000;1.0588;1.0571;1.0516;1.0426;1.0301;1.0142;0.99504;0.97255;0.94715;0.91869;0.88787;0.8547;0.81966;0.78488;0.75103;0.71857;0.68811;0.66054;-9999;-9999;
2500;1.06;1.0583;1.0527;1.0438;1.0313;1.0154;0.99619;0.9737;0.94829;0.91981;0.88897;0.85576;0.82066;0.78567;0.75176;0.71898;0.68824;0.66027;-9999;-9999;
3000;1.0612;1.0595;1.054;1.045;1.0325;1.0166;0.99738;0.97489;0.94948;0.92097;0.8901;0.85683;0.8217;0.78651;0.75228;0.7194;0.6884;0.66004;-9999;-9999;
3500;1.0625;1.0607;1.0552;1.0462;1.0336;1.0178;0.99862;0.97613;0.95071;0.92216;0.89124;0.85796;0.82275;0.78738;0.75297;0.71992;0.68859;0.65984;-9999;-9999;
4000;1.0638;1.062;1.0565;1.0475;1.0349;1.0191;0.99989;0.97738;0.95198;0.92341;0.89245;0.85913;0.82385;0.78829;0.7537;0.72038;0.68881;0.65968;-9999;-9999;
4500;1.0651;1.0634;1.0578;1.0488;1.0362;1.0204;1.0012;0.9787;0.9533;0.9247;0.89371;0.86035;0.825;0.78925;0.75448;0.72092;0.6891;0.65954;-9999;-9999;
5000;1.0665;1.0648;1.0592;1.0502;1.0376;1.0218;1.0026;0.98007;0.95466;0.92605;0.89502;0.86162;0.82616;0.79022;0.75527;0.72153;0.6894;0.65945;-9999;-9999;
5500;1.0679;1.0662;1.0606;1.0516;1.039;1.0232;1.004;0.98147;0.95608;0.92744;0.89639;0.86294;0.82748;0.79131;0.75614;0.72217;0.68975;0.65941;0.63206;-9999;
6000;1.0694;1.0677;1.0621;1.0531;1.0405;1.0247;1.0055;0.98293;0.95753;0.9289;0.89781;0.86431;0.8288;0.79247;0.75708;0.72289;0.69013;0.65943;0.63152;-9999;
6500;1.071;1.0692;1.0637;1.0546;1.0421;1.0262;1.007;0.98445;0.95905;0.93042;0.89928;0.86574;0.83018;0.79369;0.75808;0.7236;0.69062;0.65951;0.63106;-9999;
7000;1.0726;1.0708;1.0653;1.0562;1.0436;1.0278;1.0086;0.98602;0.96063;0.932;0.90083;0.86725;0.83157;0.79499;0.75914;0.72443;0.69114;0.65967;0.63067;-9999;
7500;1.0742;1.0724;1.0669;1.0578;1.0453;1.0294;1.0102;0.98765;0.96223;0.93365;0.90243;0.86882;0.83315;0.79636;0.76035;0.72533;0.69173;0.6599;0.63036;-9999;
8000;1.0759;1.0741;1.0686;1.0595;1.047;1.0311;1.0119;0.98935;0.96391;0.93536;0.90411;0.87047;0.83473;0.79781;0.76158;0.72629;0.69241;0.66021;0.63016;-9999;
8500;1.0776;1.0759;1.0703;1.0613;1.0487;1.0329;1.0136;0.99111;0.96566;0.93713;0.90585;0.87218;0.8364;0.79939;0.7629;0.72736;0.69317;0.6606;0.63006;0.60211;
9000;1.0794;1.0777;1.0721;1.0631;1.0505;1.0347;1.0154;0.99293;0.96748;0.93899;0.90767;0.87398;0.83816;0.80109;0.76431;0.72851;0.69397;0.66107;0.63007;0.60142;
9500;1.0813;1.0795;1.074;1.0649;1.0524;1.0366;1.0173;0.9948;0.96937;0.9409;0.90958;0.87585;0.84003;0.80287;0.76575;0.72974;0.69493;0.66166;0.63021;0.60089;
10000;1.0833;1.0815;1.0759;1.0669;1.0543;1.0385;1.0193;0.99677;0.97131;0.9429;0.91157;0.87781;0.84196;0.80472;0.76738;0.73115;0.69602;0.66227;0.63041;0.60061;
10500;1.0853;1.0835;1.0779;1.0689;1.0564;1.0405;1.0213;0.9988;0.97335;0.94497;0.9136;0.87987;0.84398;0.80668;0.76912;0.73256;0.6971;0.66312;0.63076;0.60039;
11000;1.0873;1.0856;1.08;1.0709;1.0584;1.0426;1.0234;1.0009;0.97546;0.94702;0.91576;0.88202;0.84607;0.80872;0.77099;0.73413;0.69837;0.66405;0.63126;0.60035;
11500;1.0875;1.0856;1.0801;1.071;1.0585;1.0427;1.0234;1.001;0.9755;0.94705;0.91577;0.88201;0.84607;0.8087;0.77097;0.7341;0.69835;0.66402;0.63123;0.60031;
12000;1.0875;1.0857;1.0802;1.0711;1.0585;1.0427;1.0235;1.001;0.97554;0.94718;0.91579;0.88201;0.84606;0.80869;0.77093;0.73412;0.69834;0.66397;0.6312;0.60028;
12500;1.0876;1.0858;1.0802;1.0712;1.0586;1.0428;1.0236;1.0011;0.97558;0.9472;0.9158;0.88201;0.84606;0.80867;0.77091;0.73406;0.69834;0.66392;0.63117;0.60025;
13000;1.0877;1.0859;1.0803;1.0712;1.0587;1.0429;1.0236;1.0011;0.97563;0.94723;0.91583;0.88203;0.84606;0.80866;0.77089;0.73404;0.69831;0.66389;0.63113;0.60022;
13500;1.0877;1.086;1.0804;1.0713;1.0588;1.043;1.0237;1.0012;0.97568;0.94727;0.91585;0.88204;0.84606;0.80865;0.77087;0.73401;0.69828;0.6639;0.63112;0.60019;
14000;1.0878;1.086;1.0805;1.0714;1.0589;1.043;1.0237;1.0012;0.97573;0.9473;0.91586;0.88205;0.84606;0.80864;0.77085;0.73399;0.69825;0.66388;0.63108;0.60017;
0.53;0;0.05;0.1;0.15;0.2;0.25;0.3;0.35;0.4;0.45;0.5;0.55;0.6;0.65;0.7;0.75;0.8;0.85;0.9;0.95;
0;1.0482;1.0465;1.041;1.0321;1.0197;1.0038;0.98475;0.96243;0.93709;0.90903;0.87849;0.8457;0.81182;0.77856;0.74632;0.71583;-9999;-9999;-9999;-9999;
500;1.0497;1.0474;1.0419;1.033;1.0205;1.0046;0.9856;0.96327;0.93793;0.90983;0.87925;0.84641;0.81241;0.77905;0.74665;0.716;0.68819;-9999;-9999;-9999;
1000;1.0501;1.0483;1.0428;1.0339;1.0215;1.0055;0.9865;0.96415;0.9388;0.91066;0.88006;0.84716;0.813;0.77956;0.74695;0.71617;0.68808;-9999;-9999;-9999;
1500;1.051;1.0493;1.0438;1.0349;1.0224;1.0065;0.98744;0.96507;0.93971;0.91152;0.88092;0.84795;0.81368;0.78006;0.74737;0.71637;0.68798;-9999;-9999;-9999;
2000;1.052;1.0503;1.0448;1.0358;1.0234;1.0075;0.98841;0.96602;0.94066;0.91244;0.88182;0.84878;0.81439;0.78061;0.74778;0.71659;0.68791;-9999;-9999;-9999;
2500;1.053;1.0513;1.0458;1.0368;1.0244;1.0084;0.98941;0.967;0.94163;0.91337;0.88273;0.84963;0.81512;0.7812;0.74819;0.71681;0.68786;-9999;-9999;-9999;
3000;1.0541;1.0523;1.0468;1.0379;1.0254;1.0095;0.99043;0.96801;0.94264;0.91434;0.88363;0.85051;0.8159;0.78179;0.74868;0.71706;0.68784;-9999;-9999;-9999;
3500;1.0552;1.0534;1.0479;1.039;1.0265;1.0106;0.9915;0.96906;0.94368;0.91534;0.88458;0.85147;0.81671;0.78245;0.74914;0.71733;0.68781;-9999;-9999;-9999;
4000;1.0563;1.0546;1.0491;1.0401;1.0276;1.0117;0.99261;0.97016;0.94476;0.91636;0.88558;0.85246;0.81757;0.78315;0.74971;0.71764;0.6878;-9999;-9999;-9999;
4500;1.0575;1.0558;1.0503;1.0413;1.0288;1.0128;0.99376;0.97128;0.94587;0.91744;0.88664;0.85329;0.81848;0.78389;0.75024;0.71797;0.68784;-9999;-9999;-9999;
5000;1.0587;1.057;1.0515;1.0425;1.0299;1.0141;0.99494;0.97245;0.94704;0.91856;0.88774;0.85452;0.81948;0.78467;0.75082;0.71835;0.68791;0.66045;-9999;-9999;
5500;1.06;1.0583;1.0527;1.0437;1.0312;1.0153;0.99618;0.97367;0.94825;0.91975;0.88888;0.85562;0.82053;0.7855;0.75133;0.71878;0.68803;0.66009;-9999;-9999;
6000;1.0613;1.0596;1.054;1.045;1.0325;1.0166;0.99745;0.97494;0.94951;0.92097;0.89008;0.85677;0.82161;0.78639;0.75213;0.7193;0.68819;0.6598;-9999;-9999;
6500;1.0627;1.0609;1.0554;1.0464;1.0339;1.018;0.99877;0.97625;0.95083;0.92226;0.89131;0.85798;0.82275;0.78733;0.75288;0.71978;0.68839;0.65955;-9999;-9999;
7000;1.0641;1.0623;1.0568;1.0478;1.0352;1.0193;1.0001;0.97763;0.95219;0.9236;0.89261;0.8592;0.82395;0.78832;0.75368;0.7203;0.68867;0.65936;-9999;-9999;
7500;1.0655;1.0638;1.0582;1.0492;1.0366;1.0208;1.0016;0.97905;0.95362;0.92501;0.89398;0.8606;0.8252;0.78932;0.75452;0.72092;0.68896;0.65923;-9999;-9999;
8000;1.067;1.0653;1.0597;1.0507;1.0381;1.0223;1.0031;0.98053;0.95511;0.92647;0.89541;0.86199;0.82652;0.79045;0.75542;0.72156;0.68931;0.65917;-9999;-9999;
8500;1.0686;1.0668;1.0613;1.0523;1.0397;1.0238;1.0046;0.98208;0.95665;0.928;0.89691;0.86343;0.8279;0.79166;0.75638;0.72228;0.68969;0.65917;0.63151;-9999;
9000;1.0702;1.0685;1.0629;1.0539;1.0413;1.0254;1.0062;0.98368;0.95827;0.9296;0.89847;0.86494;0.82931;0.79294;0.75748;0.72304;0.69017;0.65925;0.63098;-9999;
9500;1.0719;1.0702;1.0646;1.0556;1.043;1.0271;1.0079;0.98534;0.95994;0.93128;0.90012;0.86654;0.83086;0.79432;0.75861;0.72389;0.69072;0.65937;0.63053;-9999;
10000;1.0737;1.0719;1.0664;1.0573;1.0448;1.0289;1.0096;0.9871;0.96166;0.93302;0.90183;0.86822;0.83248;0.79576;0.75982;0.72482;0.69133;0.65958;0.63016;-9999;
10500;1.0755;1.0737;1.0682;1.0591;1.0466;1.0307;1.0115;0.98893;0.96348;0.93487;0.90361;0.86997;0.83423;0.79731;0.76113;0.72586;0.69203;0.65988;0.62992;-9999;
11000;1.0774;1.0756;1.0701;1.061;1.0485;1.0326;1.0133;0.99084;0.96536;0.9368;0.90549;0.8718;0.83602;0.79902;0.76253;0.72699;0.69283;0.66028;0.62979;0.60189;
11500;1.0773;1.0757;1.0701;1.0611;1.0485;1.0327;1.0134;0.99086;0.96539;0.93681;0.90549;0.8718;0.836;0.79899;0.7625;0.72696;0.6928;0.66025;0.62976;0.60184;
12000;1.0775;1.0757;1.0702;1.0611;1.0486;1.0327;1.0134;0.99089;0.96541;0.93683;0.90551;0.8718;0.83599;0.79897;0.76249;0.72691;0.69276;0.66021;0.62972;0.60179;
12500;1.0776;1.0758;1.0702;1.0612;1.0486;1.0327;1.0135;0.99093;0.96544;0.93684;0.90551;0.8718;0.83595;0.79895;0.76246;0.72688;0.69273;0.66018;0.62969;0.60174;
13000;1.0776;1.0758;1.0703;1.0612;1.0487;1.0328;1.0135;0.99096;0.96547;0.93687;0.90552;0.8718;0.83598;0.79894;0.76244;0.72692;0.69271;0.66015;0.62965;0.60169;
13500;1.0777;1.0759;1.0703;1.0613;1.0487;1.0328;1.0135;0.991;0.9655;0.93688;0.90552;0.8718;0.83598;0.79892;0.76241;0.72689;0.69267;0.66011;0.62962;0.60165;
14000;1.0777;1.076;1.0704;1.0613;1.0488;1.0329;1.0136;0.99104;0.96553;0.9369;0.90554;0.87179;0.83597;0.79892;0.76239;0.72681;0.69261;0.66008;0.62959;0.6016;
